3.300000,26_03_2021_15_12_00
0.000000,26_03_2021_16_55_28
