-0.150000,31_03_2021_11_53_10
