-0.050000,15_12_2020_15_00_20
