0.000000,22_12_2020_12_54_00
