-0.050000,22_12_2020_15_25_33
